              1.00        0.00          1
              2.00        0.50          1
              3.00        1.00     1.0002
              4.00        1.50     1.0004
              5.00        2.00     1.0006
              6.00        2.50      1.001
              7.00        3.00     1.0014
              8.00        3.50     1.0019
              9.00        4.00     1.0025
             10.00        4.50     1.0031
             11.00        5.00     1.0039
             12.00        5.50     1.0047
             13.00        6.00     1.0055
             14.00        6.50     1.0065
             15.00        7.00     1.0075
             16.00        7.50     1.0087
             17.00        8.00     1.0098
             18.00        8.50     1.0111
             19.00        9.00     1.0125
             20.00        9.50     1.0139
             21.00       10.00     1.0154
             22.00       10.50      1.017
             23.00       11.00     1.0187
             24.00       11.50     1.0205
             25.00       12.00     1.0223
             26.00       12.50     1.0243
             27.00       13.00     1.0263
             28.00       13.50     1.0284
             29.00       14.00     1.0306
             30.00       14.50     1.0329
             31.00       15.00     1.0352
             32.00       15.50     1.0377
             33.00       16.00     1.0403
             34.00       16.50     1.0429
             35.00       17.00     1.0456
             36.00       17.50     1.0485
             37.00       18.00     1.0514
             38.00       18.50     1.0544
             39.00       19.00     1.0575
             40.00       19.50     1.0608
             41.00       20.00     1.0641
             42.00       20.50     1.0675
             43.00       21.00     1.0711
             44.00       21.50     1.0747
             45.00       22.00     1.0784
             46.00       22.50     1.0823
             47.00       23.00     1.0863
             48.00       23.50     1.0903
             49.00       24.00     1.0945
             50.00       24.50     1.0988
             51.00       25.00     1.1032
             52.00       25.50     1.1078
             53.00       26.00     1.1124
             54.00       26.50     1.1172
             55.00       27.00     1.1221
             56.00       27.50     1.1272
             57.00       28.00     1.1323
             58.00       28.50     1.1376
             59.00       29.00     1.1431
             60.00       29.50     1.1487
             61.00       30.00     1.1544
             62.00       30.50     1.1603
             63.00       31.00     1.1663
             64.00       31.50     1.1725
             65.00       32.00     1.1788
             66.00       32.50     1.1853
             67.00       33.00      1.192
             68.00       33.50     1.1988
             69.00       34.00     1.2058
             70.00       34.50     1.2129
             71.00       35.00     1.2203
             72.00       35.50     1.2278
             73.00       36.00     1.2355
             74.00       36.50     1.2434
             75.00       37.00     1.2515
             76.00       37.50     1.2598
             77.00       38.00     1.2684
             78.00       38.50     1.2771
             79.00       39.00      1.286
             80.00       39.50     1.2952
             81.00       40.00     1.3046
             82.00       40.50     1.3142
             83.00       41.00     1.3241
             84.00       41.50     1.3343
             85.00       42.00     1.3447
             86.00       42.50     1.3553
             87.00       43.00     1.3663
             88.00       43.50     1.3775
             89.00       44.00      1.389
             90.00       44.50     1.4008
             91.00       45.00     1.4129
             92.00       45.50     1.4254
             93.00       46.00     1.4382
             94.00       46.50     1.4513
             95.00       47.00     1.4648
             96.00       47.50     1.4786
             97.00       48.00     1.4928
             98.00       48.50     1.5074
             99.00       49.00     1.5224
            100.00       49.50     1.5378
            101.00       50.00     1.5537
            102.00       50.50       1.57
            103.00       51.00     1.5868
            104.00       51.50     1.6041
            105.00       52.00     1.6218
            106.00       52.50     1.6401
            107.00       53.00      1.659
            108.00       53.50     1.6783
            109.00       54.00     1.6983
            110.00       54.50     1.7189
            111.00       55.00     1.7402
            112.00       55.50     1.7621
            113.00       56.00     1.7846
            114.00       56.50      1.808
            115.00       57.00      1.832
            116.00       57.50      1.808
            117.00       58.00     1.8703
            118.00       58.50     1.9338
            119.00       59.00      1.986
            120.00       59.50      1.929
            121.00       60.00     1.9944
            122.00       60.50      2.049
            123.00       61.00     1.9976
            124.00       61.50     2.0655
            125.00       62.00      2.123
            126.00       62.50     2.1938
            127.00       63.00     2.1484
            128.00       63.50     2.2095
            129.00       64.00     2.2839
            130.00       64.50       2.36
            131.00       65.00     2.3105
            132.00       65.50     2.3892
            133.00       66.00       2.47
            134.00       66.50     2.5413
            135.00       67.00     2.5123
            136.00       67.50     2.5991
            137.00       68.00     2.6769
            138.00       68.50     2.7688
            139.00       69.00     2.7507
            140.00       69.50     2.8365
            141.00       70.00     2.9368
            142.00       70.50     2.9299
            143.00       71.00     3.0257
            144.00       71.50     3.1365
            145.00       72.00     3.2518
            146.00       72.50     3.2514
            147.00       73.00     3.3758
            148.00       73.50     3.5058
            149.00       74.00     3.6308
            150.00       74.50     3.6653
            151.00       75.00     3.8145
            152.00       75.50     3.9608
            153.00       76.00     4.1266
            154.00       76.50     4.1952
            155.00       77.00       4.37
            156.00       77.50     4.5673
            157.00       78.00     4.6726
            158.00       78.50     4.8868
            159.00       79.00     5.1282
            160.00       79.50     5.3883
            161.00       80.00     5.5553
            162.00       80.50     5.8607
            163.00       81.00     6.1939
            164.00       81.50     6.5486
            165.00       82.00     6.8495
            166.00       82.50     7.2959
            167.00       83.00     7.7831
            168.00       83.50     8.3422
            169.00       84.00     8.8763
            170.00       84.50     9.5882
            171.00       85.00    10.4198
            172.00       85.50    11.2935
            173.00       86.00    12.4223
            174.00       86.50    13.7788
            175.00       87.00    15.4181
            176.00       87.50    17.3397
            177.00       88.00    19.8591
            178.00       88.50    23.0705
            179.00       89.00    27.2477
            180.00       89.50      32.82
            181.00       90.00    40.5614
            182.00       90.50    50.1288
            183.00       91.00    60.3804
            184.00       91.50     71.313
            185.00       92.00    82.8452
            186.00       92.50    94.8821
            187.00       93.00   106.7074
            188.00       93.50   119.4026
            189.00       94.00   132.4419
            190.00       94.50   145.6795
            191.00       95.00   157.8941
            192.00       95.50    171.589
            193.00       96.00   185.3496
            194.00       96.50   197.2185
            195.00       97.00   211.3841
            196.00       97.50   225.5013
            197.00       98.00   240.1955
            198.00       98.50   251.2352
            199.00       99.00   265.6195
            200.00       99.50    280.721
            201.00      100.00   296.1527
            202.00      100.50   305.3318
            203.00      101.00   320.8194
            204.00      101.50   336.6681
            205.00      102.00   352.1031
            206.00      102.50   360.2193
            207.00      103.00    376.485
            208.00      103.50   392.1725
            209.00      104.00   398.6867
            210.00      104.50   415.3761
            211.00      105.00   431.3035
            212.00      105.50   448.8634
            213.00      106.00   453.1345
            214.00      106.50   469.2923
            215.00      107.00   487.3622
            216.00      107.50   506.0062
            217.00      108.00   505.9474
            218.00      108.50   524.5406
            219.00      109.00   543.7565
            220.00      109.50   561.5336
            221.00      110.00   560.2151
            222.00      110.50   580.0164
            223.00      111.00   598.1089
            224.00      111.50   594.2095
            225.00      112.00   614.6069
            226.00      112.50   633.0078
            227.00      113.00   654.8582
            228.00      113.50   647.3845
            229.00      114.00   666.0886
            230.00      114.50     688.62
            231.00      115.00   712.0786
            232.00      115.50   697.1268
            233.00      116.00    720.369
            234.00      116.50   744.6025
            235.00      117.00   765.7789
            236.00      117.50   749.9361
            237.00      118.00    774.948
            238.00      118.50   796.5284
            239.00      119.00   823.6136
            240.00      119.50   802.9453
            241.00      120.00   824.9144
            242.00      120.50   852.9045
            243.00      121.00   828.4293
            244.00      121.50   850.7678
            245.00      122.00   879.6581
            246.00      122.50   909.9811
            247.00      123.00   898.0292
            248.00      123.50    909.991
            249.00      124.00   921.8848
            250.00      124.50    933.696
            251.00      125.00    945.451
            252.00      125.50   957.1353
            253.00      126.00   968.7344
            254.00      126.50   980.2742
            255.00      127.00   991.7405
            256.00      127.50  1003.1191
            257.00      128.00  1014.4355
            258.00      128.50  1025.6755
            259.00      129.00  1036.8256
            260.00      129.50  1047.9104
            261.00      130.00  1058.9163
            262.00      130.50  1069.8298
            263.00      131.00  1080.6752
            264.00      131.50  1091.4391
            265.00      132.00  1102.1084
            266.00      132.50  1112.7067
            267.00      133.00  1123.2209
            268.00      133.50  1133.6385
            269.00      134.00  1143.9824
            270.00      134.50  1154.2397
            271.00      135.00  1164.3981
            272.00      135.50  1174.4802
            273.00      136.00  1184.4733
            274.00      136.50  1194.3655
            275.00      137.00  1204.1787
            276.00      137.50  1213.9008
            277.00      138.00  1223.5198
            278.00      138.50  1233.0573
            279.00      139.00  1242.5013
            280.00      139.50  1251.8406
            281.00      140.00  1261.0957
            282.00      140.50  1270.2552
            283.00      141.00  1279.3081
            284.00      141.50  1288.2744
            285.00      142.00  1297.1429
            286.00      142.50  1305.9032
            287.00      143.00  1314.5743
            288.00      143.50  1323.1459
            289.00      144.00  1331.6074
            290.00      144.50  1339.9775
            291.00      145.00  1348.2367
            292.00      145.50   1356.403
            293.00      146.00  1364.4663
            294.00      146.50  1372.4169
            295.00      147.00  1380.2726
            296.00      147.50  1388.0234
            297.00      148.00  1395.6602
            298.00      148.50  1403.1997
            299.00      149.00  1410.6328
            300.00      149.50  1417.9503
            301.00      150.00  1425.1686
            302.00      150.50  1432.2786
            303.00      151.00  1439.2719
            304.00      151.50  1446.1639
            305.00      152.00   1452.946
            306.00      152.50  1459.6104
            307.00      153.00  1466.1711
            308.00      153.50  1472.6208
            309.00      154.00  1478.9513
            310.00      154.50  1485.1768
            311.00      155.00  1491.2893
            312.00      155.50  1497.2817
            313.00      156.00  1503.1672
            314.00      156.50  1508.9385
            315.00      157.00  1514.5887
            316.00      157.50  1520.1302
            317.00      158.00  1525.5564
            318.00      158.50  1530.8605
            319.00      159.00  1536.0543
            320.00      159.50  1541.1313
            321.00      160.00  1546.1401
            322.00      160.50  1550.9835
            323.00      161.00   1555.709
            324.00      161.50   1560.311
            325.00      162.00  1564.7997
            326.00      162.50  1569.1694
            327.00      163.00   1573.415
            328.00      163.50   1577.546
            329.00      164.00  1581.5569
            330.00      164.50  1585.4432
            331.00      165.00  1589.2135
            332.00      165.50  1592.8629
            333.00      166.00  1596.3872
            334.00      166.50  1599.7942
            335.00      167.00  1603.0796
            336.00      167.50  1606.2395
            337.00      168.00  1609.2809
            338.00      168.50     1612.2
            339.00      169.00  1614.9932
            340.00      169.50  1617.6669
            341.00      170.00  1620.2177
            342.00      170.50  1622.6423
            343.00      171.00  1624.9465
            344.00      171.50  1627.1271
            345.00      172.00  1629.1816
            346.00      172.50  1631.1147
            347.00      173.00  1632.9237
            348.00      173.50  1634.6066
            349.00      174.00  1636.1672
            350.00      174.50  1637.6034
            351.00      175.00  1638.9135
            352.00      175.50  1640.1006
            353.00      176.00  1641.1628
            354.00      176.50  1642.0992
            355.00      177.00  1642.9552
            356.00      177.50  1643.6429
            357.00      178.00  1644.2134
            358.00      178.50  1644.6512
            359.00      179.00  1644.9648
            360.00      179.50  1645.1523
            361.00      180.00   1645.228
