DATE(yyyy/-ddd or mmdd/hh.h):2000/ 101/ 1.5UT  geog Lat/Long= 50.0/  40.0

NeQuick is used for topside Ne profile
URSI maps are used for the F2 peak density (NmF2)
CCIR maps are used for the F2 peak height (hmF2)
B0-Table option is used for the bottomside thickness parameter B0
The foF2 STORM model is turned on 
Scotto-97 no L   option is used for the F1 occurrence probability
TTSA2000  option is used for the electron temperature
DS95+TTS05 option is used for ion composition

Peak Densities/cm-3: NmF2= 129460.8   NmF1=      0.0   NmE=   3295.9
Peak Heights/km:     hmF2=   349.32   hmF1=     0.00   hmE=   110.00

Solar Zenith Angle/degree                             125.5
Dip (Magnetic Inclination)/degree                     66.67
Modip (Modified Dip)/degree                           55.43
Solar Sunspot Number (12-months running mean) Rz12    112.1
Ionospheric-Effective Solar Index IG12                126.4

-
   H   ELECTRON DENSITY   TEMPERATURES         ION PERCENTAGES/%     1E16m-2
   km  Ne/cm-3 Ne/NmF2 Tn/K  Ti/K  Te/K  O+  N+  H+ He+ O2+ NO+ Clust TEC t/%
 100.0    3104  0.024    -1    -1    -1   0   0   0   0   9  91   0  -1.0  -1
 150.0    1232  0.010   650   650   721   2   0   0   0  40  59   0  -1.0  -1
 200.0    4280  0.033   808   808   944  79   0   0   0   1  20   0  -1.0  -1
 250.0   12052  0.093   850   866  1096  95   0   0   0   0   5   0  -1.0  -1
 300.0   80158  0.619   862   924  1248 100   0   0   0   0   1   0  -1.0  -1
 350.0  129457  1.000   865   983  1390  98   2   0   0   0   0   0  -1.0  -1
 400.0  114900  0.888   866  1041  1532  98   2   0   0   0   0   0  -1.0  -1
 450.0   88322  0.682   866  1091  1674  97   2   1   0   0   0   0  -1.0  -1
 500.0   64363  0.497   866  1130  1815  96   2   1   0   0   0   0  -1.0  -1
 550.0   46577  0.360   866  1169  1945  94   3   3   0   0   0   0  -1.0  -1
 600.0   34166  0.264   866  1207  2014  91   3   5   1   0   0   0  -1.0  -1
 650.0   25600  0.198   866  1246  2072  87   3   8   1   0   0   0  -1.0  -1
 700.0   19630  0.152   866  1285  2129  83   4  12   1   0   0   0  -1.0  -1
 750.0   15392  0.119   866  1324  2186  79   4  15   2   0   0   0  -1.0  -1
 800.0   12322  0.095   866  1363  2243  73   4  20   2   0   0   0  -1.0  -1
 850.0   10050  0.078   866  1401  2299  67   5  25   3   0   0   0  -1.0  -1
 900.0    8336  0.064   866  1440  2343  60   5  31   4   0   0   0  -1.0  -1
 950.0    7017  0.054   866  1479  2360  53   5  37   5   0   0   0  -1.0  -1
1000.0    5987  0.046   866  1518  2366  45   5  43   7   0   0   0  -1.0  -1
1050.0    5168  0.040   866  1556  2370  38   5  49   8   0   0   0  -1.0  -1
1100.0    4508  0.035   866  1595  2374  31   5  54  10   0   0   0  -1.0  -1
1150.0    3970  0.031   866  1634  2378  25   4  59  12   0   0   0  -1.0  -1
1200.0    3526  0.027   866  1673  2382  19   4  62  14   0   0   0  -1.0  -1
1250.0    3156  0.024   866  1711  2386  15   4  65  16   0   0   0  -1.0  -1
1300.0    2844  0.022   866  1750  2390  11   3  67  19   0   0   0  -1.0  -1
1350.0    2579  0.020   866  1789  2395   9   3  68  21   0   0   0  -1.0  -1
1400.0    2352  0.018   866  1828  2399   6   2  68  23   0   0   0  -1.0  -1
1450.0    2155  0.017   866  1866  2403   5   2  68  25   0   0   0  -1.0  -1
1500.0    1985  0.015   866  1905  2412   4   2  67  27   0   0   0  -1.0  -1
1550.0    1836  0.014   866  1944  2431   3   2  67  28   0   0   0  -1.0  -1
1600.0    1705  0.013   866  1983  2454   3   2  67  29   0   0   0  -1.0  -1
1650.0    1589  0.012   866  2021  2477   2   2  66  29   0   0   0  -1.0  -1
1700.0    1485  0.011   866  2060  2500   2   2  66  30   0   0   0  -1.0  -1
1750.0    1393  0.011   866  2099  2524   2   2  66  30   0   0   0  -1.0  -1
1800.0    1310  0.010   866  2138  2547   2   2  65  31   0   0   0  -1.0  -1
1850.0    1236  0.010   866  2176  2571   2   2  65  31   0   0   0  -1.0  -1
1900.0    1168  0.009   866  2215  2594   1   2  65  32   0   0   0  -1.0  -1
1950.0    1107  0.009   866  2254  2618   1   2  64  32   0   0   0  -1.0  -1
2000.0    1051  0.008   866  2293  2641   1   2  64  33   0   0   0  -1.0  -1



DATE(yyyy/-ddd or mmdd/hh.h):2005/-182/25.0LT  geom Lat/Long=  0.0/   0.0

NeQuick is used for topside Ne profile
URSI maps are used for the F2 peak density (NmF2)
CCIR maps are used for the F2 peak height (hmF2)
B0-Table option is used for the bottomside thickness parameter B0
The foF2 STORM model is turned on 
Scotto-97 no L   option is used for the F1 occurrence probability
TTSA2000  option is used for the electron temperature
DS95+TTS05 option is used for ion composition

Solar and magnetic parameter for the 1st profile point:
Solar Zenith Angle/degree                             167.2
Dip (Magnetic Inclination)/degree                      3.75
Modip (Modified Dip)/degree                            3.77
Solar Sunspot Number (12-months running mean) Rz12     29.0
Ionospheric-Effective Solar Index IG12                 29.4

TEC [1.E16 m-2] is obtained by numerical integration in 1km steps
  from 50 to 1500.0 km.  t is the percentage of TEC above the F peak.

-
   HOUR     PEAK ALTITUDES IN KM        PEAK DENSITIES IN cm-3    TEC  top
   L.T.    hmF2  hmF1   hmE   hmD     NmF2   NmF1    NmE     NmD 1E16m-2  %
    0.0   274.3   0.0 110.0  88.0    251818      0   1976    400   6.00  77
    1.0   271.3   0.0 110.0  87.9    207158      0   1976    400   4.93  76
    2.0   271.3   0.0 110.0  87.8    174279      0   1976    400   4.17  76
    3.0   272.4   0.0 110.0  87.5    136364      0   1976    400   3.33  74
    4.0   273.2   0.0 110.0  86.8    106393      0   1976    400   2.69  71
    5.0   275.9   0.0 110.0  85.5    120625      0   1976    400   3.22  68
    6.0   279.3   0.0 110.0  83.8    214952      0   7733    400   6.10  65
    7.0   282.1   0.0 110.0  82.4    386485      0  46575    400  11.57  63
    8.0   299.9   0.0 110.0  81.6    536964      0  82846    400  16.70  61
    9.0   323.9   0.0 110.0  81.2    585459      0 108583    534  18.67  59
   10.0   346.0   0.0 110.0  81.1    573527      0 126451    667  18.65  58
   11.0   362.2 226.8 110.0  81.0    567517 255612 137203    717  18.78  56
   12.0   370.6 233.9 110.0  81.0    580162 257999 141048    731  19.21  55
   13.0   371.3 230.9 110.0  81.0    601507 256129 138031    720  19.75  55
   14.0   367.5   0.0 110.0  81.1    634873      0 128117    676  20.42  56
   15.0   361.4   0.0 110.0  81.2    681425      0 111128    558  21.51  57
   16.0   352.9   0.0 110.0  81.5    716648      0  86418    400  22.19  58
   17.0   343.7   0.0 110.0  82.3    706454      0  51659    400  21.43  59
   18.0   337.1   0.0 110.0  83.6    644135      0  10533    400  18.76  62
   19.0   325.5   0.0 110.0  85.4    557906      0   1976    400  15.43  66
   20.0   312.4   0.0 110.0  86.7    481488      0   1976    400  12.58  71
   21.0   300.9   0.0 110.0  87.5    427410      0   1976    400  10.68  74
   22.0   290.4   0.0 110.0  87.8    377398      0   1976    400   9.20  76
   23.0   281.0   0.0 110.0  87.9    314902      0   1976    400   7.57  77
   24.0   274.3   0.0 110.0  88.0    251818      0   1976    400   6.00  77



DATE(yyyy/-ddd or mmdd/hh.h):1964/ 715/12.0LT  geog Lat/Long= 75.0/ 109.6

NeQuick is used for topside Ne profile
URSI maps are used for the F2 peak density (NmF2)
CCIR maps are used for the F2 peak height (hmF2)
B0-Table option is used for the bottomside thickness parameter B0
The foF2 STORM model is turned on 
Scotto-97 no L   option is used for the F1 occurrence probability
TTSA2000  option is used for the electron temperature
DS95+TTS05 option is used for ion composition

Solar and magnetic parameter for the 1st profile point:
Solar Zenith Angle/degree                              91.1
Dip (Magnetic Inclination)/degree                    -81.81
Modip (Modified Dip)/degree                          -67.73
Solar Sunspot Number (12-months running mean) Rz12     10.3
Ionospheric-Effective Solar Index IG12                 10.2

TEC [1.E16 m-2] is obtained by numerical integration in 1km steps
  from 50 to 1500.0 km.  t is the percentage of TEC above the F peak.

-
   LATI   M3000  B0     E-VALLEY       PLASMA FREQUENCIES / MHz    TEC  Ttop 
   GEOD          km    W/km  Depth     foF2   foF1   foE   foD   1E16m-2  %
  -70.0  3.2608  65.1  18.5  0.8860   3.151  0.000  1.289  0.180   2.94  75
  -65.0  3.2739  65.1  18.0  0.8921   3.589  0.000  1.631  0.180   3.86  75
  -60.0  3.2849  65.1  17.8  0.8953   4.006  0.000  2.001  0.180   4.86  75
  -55.0  3.2949  65.1  17.5  0.8976   4.383  0.000  2.283  0.180   5.84  74
  -50.0  3.3044  65.1  17.3  0.8996   4.699  0.000  2.501  0.180   6.72  75
  -45.0  3.3133  65.1  17.1  0.9014   4.946  0.000  2.676  0.180   7.44  75
  -40.0  3.3214  65.1  16.8  0.9034   5.126  0.000  2.819  0.180   7.99  75
  -35.0  3.3285  65.2  16.4  0.9056   5.259  0.000  2.938  0.186   8.41  75
  -30.0  3.3339  65.3  16.0  0.9084   5.381  0.000  3.027  0.199   8.80  75
  -25.0  3.3351  65.6  15.3  0.9121   5.552  4.186  3.105  0.207   9.52  74
  -20.0  3.3266  66.2  14.4  0.9174   5.857  4.279  3.180  0.213  10.61  73
  -15.0  3.2974  67.7  13.0  0.9253   6.399  4.354  3.250  0.217  12.67  73
  -10.0  3.2276  69.9  10.9  0.9373   7.205  4.410  3.298  0.219  16.09  73
   -5.0  3.0904  73.7   7.9  0.9543   8.036  4.445  3.354  0.222  20.14  72
    0.0  2.8699  87.7   4.6  0.9858   8.225  4.461  3.398  0.223  21.96  68
    5.0  2.6024 144.6   4.2  0.9870   7.290  4.457  3.428  0.224  19.85  59
   10.0  2.3966 188.4   4.2  0.9872   6.351  4.452  3.444  0.225  16.83  54
   15.0  2.3689 158.2   4.2  0.9874   6.936  4.488  3.445  0.225  18.81  55
   20.0  2.5290 132.0   6.4  0.9813   7.731  4.513  3.431  0.225  21.52  59
   25.0  2.7611 116.6  10.0  0.9713   7.433  4.524  3.404  0.225  19.61  64
   30.0  2.9503 105.4  12.7  0.9639   6.614  4.519  3.365  0.225  15.44  67
   35.0  3.0567  98.3  14.4  0.9591   5.894  4.497  3.332  0.224  12.13  68
   40.0  3.0895  95.4  15.5  0.9563   5.405  4.456  3.299  0.223  10.15  70
   45.0  3.0702  94.5  16.1  0.9545   5.088  4.397  3.256  0.222   9.03  70
   50.0  3.0182  94.2  16.6  0.9533   4.871  4.322  3.204  0.220   8.39  71
   55.0  2.9481  94.2  16.9  0.9525   4.710  4.234  3.140  0.218   8.02  71
   60.0  2.8703  94.1  17.1  0.9519   4.582  4.139  3.063  0.215   7.80  70
   65.0  2.7930  94.1  17.3  0.9515   4.476  4.042  2.973  0.210   7.66  69
   70.0  2.7227  94.1  17.4  0.9511   4.391  3.951  2.868  0.203   7.56  67



DATE(yyyy/-ddd or mmdd/hh.h):2000/  -1/ 1.5UT  geog Lat/Long= 50.0/  40.0

Corrected IRI01 is used for topside Ne profile
URSI maps are used for the F2 peak density (NmF2)
CCIR maps are used for the F2 peak height (hmF2)
B0-Table option is used for the bottomside thickness parameter B0
The foF2 STORM model is turned on 
Scotto-97 no L   option is used for the F1 occurrence probability
IRI-95    option is used for the electron temperature
DS78+DY85  option is used for ion composition

Peak Densities/cm-3: NmF2= 129460.8   NmF1=      0.0   NmE=   3295.9
Peak Heights/km:     hmF2=   349.32   hmF1=     0.00   hmE=   110.00

Solar Zenith Angle/degree                             125.5
Dip (Magnetic Inclination)/degree                     66.67
Modip (Modified Dip)/degree                           55.43
Solar Sunspot Number (12-months running mean) Rz12    112.1
Ionospheric-Effective Solar Index IG12                126.4

-
   H   ELECTRON DENSITY   TEMPERATURES         ION PERCENTAGES/%     1E16m-2
   km  Ne/cm-3 Ne/NmF2 Tn/K  Ti/K  Te/K  O+  N+  H+ He+ O2+ NO+ Clust TEC t/%
 100.0    3104  0.024    -1    -1    -1   0  -1   0   0  16  84  -1   0.0   0
 150.0    1232  0.010   650   650   721   2  -1   0   0  39  59  -1  -1.0  -1
 200.0    4280  0.033   808   808   943  78  -1   0   0   4  18  -1  -1.0  -1
 250.0   12052  0.093   850   866  1095  94  -1   0   0   0   6  -1  -1.0  -1
 300.0   80158  0.619   862   924  1248 100  -1   0   0   0   0  -1  -1.0  -1
 350.0  129459  1.000   865   983  1426 100  -1   0   0   0   0  -1  -1.0  -1
 400.0  121756  0.940   866  1041  1591 100  -1   0   0   0   0  -1  -1.0  -1
 450.0  103616  0.800   866  1091  1680  90  -1   9   1   0   0  -1  -1.0  -1
 500.0   83075  0.642   866  1130  1755  80  -1  18   2   0   0  -1  -1.0  -1
 550.0   65436  0.505   866  1169  1828  70  -1  27   3   0   0  -1  -1.0  -1
 600.0   52245  0.404   866  1207  1886  58  -1  38   4   0   0  -1  -1.0  -1
 650.0   40571  0.313   866  1246  1912  46  -1  49   5   0   0  -1  -1.0  -1
 700.0   32019  0.247   866  1285  1923  35  -1  58   6   0   0  -1  -1.0  -1
 750.0   26167  0.202   866  1324  1932  27  -1  66   7   0   0  -1  -1.0  -1
 800.0   22037  0.170   866  1363  1941  21  -1  71   8   0   0  -1  -1.0  -1
 850.0   19012  0.147   866  1401  1950  16  -1  76   8   0   0  -1  -1.0  -1
 900.0   16712  0.129   866  1440  1959  12  -1  79   9   0   0  -1  -1.0  -1
 950.0   14898  0.115   866  1479  1968  10  -1  81   9   0   0  -1  -1.0  -1
1000.0   13419  0.104   866  1518  1977   7  -1  83   9   0   0  -1  -1.0  -1
1050.0   12177  0.094   866  1556  1986   6  -1  85   9   0   0  -1  -1.0  -1
1100.0   11110  0.086   866  1595  1995   4  -1  86  10   0   0  -1  -1.0  -1
1150.0   10175  0.079   866  1634  2004   3  -1  87  10   0   0  -1  -1.0  -1
1200.0    9345  0.072   866  1673  2013   3  -1  88  10   0   0  -1  -1.0  -1
1250.0    8599  0.066   866  1711  2023   2  -1  88  10   0   0  -1  -1.0  -1
1300.0    7923  0.061   866  1750  2032   2  -1  89  10   0   0  -1  -1.0  -1
1350.0    7307  0.056   866  1789  2042   1  -1  89  10   0   0  -1  -1.0  -1
1400.0    6743  0.052   866  1828  2059   1  -1  89  10   0   0  -1  -1.0  -1
1450.0    6226  0.048   866  1866  2094   1  -1  89  10   0   0  -1  -1.0  -1
1500.0    5751  0.044   866  1905  2137   1  -1  90  10   0   0  -1  -1.0  -1
1550.0    5313  0.041   866  1944  2180   0  -1  90  10   0   0  -1  -1.0  -1
1600.0    4909  0.038   866  1983  2223   0  -1  90  10   0   0  -1  -1.0  -1
1650.0    4536  0.035   866  2021  2266   0  -1  90  10   0   0  -1  -1.0  -1
1700.0    4192  0.032   866  2060  2310   0  -1  90  10   0   0  -1  -1.0  -1
1750.0    3874  0.030   866  2099  2353   0  -1  90  10   0   0  -1  -1.0  -1
1800.0    3581  0.028   866  2138  2396   0  -1  90  10   0   0  -1  -1.0  -1
1850.0    3309  0.026   866  2176  2440   0  -1  90  10   0   0  -1  -1.0  -1
1900.0    3059  0.024   866  2215  2483   0  -1  90  10   0   0  -1  -1.0  -1
1950.0    2827  0.022   866  2254  2526   0  -1  90  10   0   0  -1  -1.0  -1
2000.0    2613  0.020   866  2293  2570   0  -1  90  10   0   0  -1  -1.0  -1



DATE(yyyy/-ddd or mmdd/hh.h):2006/ -15/ 0.0LT  geog Lat/Long=  0.0/   0.0

NeQuick is used for topside Ne profile
URSI maps are used for the F2 peak density (NmF2)
CCIR maps are used for the F2 peak height (hmF2)
B0-Table option is used for the bottomside thickness parameter B0
The foF2 STORM model is turned on 
Scotto-97 no L   option is used for the F1 occurrence probability
TTSA2000  option is used for the electron temperature
DS95+TTS05 option is used for ion composition

Solar and magnetic parameter for the 1st profile point:
Solar Zenith Angle/degree                             158.9
Dip (Magnetic Inclination)/degree                    -20.46
Modip (Modified Dip)/degree                          -19.65
Solar Sunspot Number (12-months running mean) Rz12    128.9
Ionospheric-Effective Solar Index IG12                131.0

TEC [1.E16 m-2] is obtained by numerical integration in 1km steps
  from 50 to 1500.0 km.  t is the percentage of TEC above the F peak.

-
   YEAR    vdrft     foF2r     sp_F      B1        Rz12      TEC   
   yyyy     m/s                                               m-2
 1960.0 -7.17E-03  9.84E-01  9.52E-01  2.60E+00  1.29E+02  2.74E+17
 1961.0 -7.17E-03  1.00E+00  5.91E-01  2.60E+00  8.02E+01  1.77E+17
 1962.0 -7.17E-03  1.00E+00  5.93E-01  2.60E+00  4.52E+01  1.07E+17
 1963.0 -7.17E-03  9.93E-01  5.93E-01  2.60E+00  2.94E+01  7.40E+16
 1964.0 -7.17E-03  1.00E+00  5.95E-01  2.60E+00  1.95E+01  5.99E+16
 1965.0 -7.17E-03  1.00E+00  5.95E-01  2.60E+00  1.17E+01  5.77E+16
 1966.0 -7.17E-03  1.00E+00  5.91E-01  2.60E+00  2.77E+01  7.60E+16
 1967.0 -7.17E-03  9.76E-01  5.85E-01  2.60E+00  7.50E+01  1.60E+17
 1968.0 -7.17E-03  1.00E+00  8.92E-01  2.60E+00  1.03E+02  2.28E+17
 1969.0 -7.17E-03  1.00E+00  6.78E-01  2.60E+00  1.10E+02  2.35E+17
 1970.0 -7.17E-03  1.00E+00  9.24E-01  2.60E+00  1.06E+02  2.49E+17
 1971.0 -7.17E-03  1.00E+00  6.74E-01  2.60E+00  8.04E+01  1.98E+17
 1972.0 -7.17E-03  1.00E+00  5.87E-01  2.60E+00  7.08E+01  1.52E+17
 1973.0 -7.17E-03  1.00E+00  5.91E-01  2.60E+00  5.09E+01  1.25E+17
 1974.0 -7.17E-03  1.00E+00  5.92E-01  2.60E+00  3.27E+01  7.90E+16
 1975.0 -7.17E-03  9.91E-01  5.94E-01  2.60E+00  2.30E+01  6.56E+16
 1976.0 -7.17E-03  1.00E+00  5.94E-01  2.60E+00  1.52E+01  5.93E+16
 1977.0 -7.17E-03  1.00E+00  5.95E-01  2.60E+00  1.67E+01  6.55E+16
 1978.0 -7.17E-03  1.00E+00  5.92E-01  2.60E+00  6.13E+01  1.45E+17
 1979.0 -7.17E-03  1.00E+00  1.00E+00  2.60E+00  1.24E+02  2.98E+17
 1980.0 -7.17E-03  1.00E+00  1.00E+00  2.60E+00  1.64E+02  3.76E+17
 1981.0 -7.17E-03  1.00E+00  6.37E-01  2.60E+00  1.40E+02  3.45E+17
 1982.0 -7.17E-03  1.00E+00  5.84E-01  2.60E+00  1.37E+02  3.25E+17
 1983.0 -7.17E-03  1.00E+00  5.83E-01  2.60E+00  9.28E+01  2.10E+17
 1984.0 -7.17E-03  1.00E+00  5.91E-01  2.60E+00  6.02E+01  1.35E+17
 1985.0 -7.17E-03  1.00E+00  5.95E-01  2.60E+00  2.05E+01  6.47E+16
 1986.0 -7.17E-03  1.00E+00  5.95E-01  2.60E+00  1.38E+01  5.73E+16
 1987.0 -7.17E-03  1.00E+00  5.95E-01  2.60E+00  1.76E+01  6.02E+16
 1988.0 -7.17E-03  9.79E-01  5.88E-01  2.60E+00  5.82E+01  1.10E+17
 1989.0 -7.17E-03  1.00E+00  1.00E+00  2.60E+00  1.42E+02  3.12E+17
 1990.0 -7.17E-03  1.00E+00  9.70E-01  2.60E+00  1.51E+02  3.41E+17
 1991.0 -7.17E-03  1.00E+00  9.68E-01  2.60E+00  1.48E+02  3.42E+17
 1992.0 -7.17E-03  1.00E+00  8.07E-01  2.60E+00  1.24E+02  3.04E+17
 1993.0 -7.17E-03  1.00E+00  5.86E-01  2.60E+00  7.14E+01  1.69E+17
 1994.0 -7.17E-03  9.96E-01  5.92E-01  2.60E+00  3.66E+01  9.67E+16
 1995.0 -7.17E-03  1.00E+00  5.94E-01  2.60E+00  2.42E+01  7.26E+16
 1996.0 -7.17E-03  9.97E-01  5.96E-01  2.60E+00  1.04E+01  5.35E+16
 1997.0 -7.17E-03  1.00E+00  5.95E-01  2.60E+00  1.05E+01  5.24E+16
 1998.0 -7.17E-03  1.00E+00  5.91E-01  2.60E+00  4.37E+01  9.75E+16
 1999.0 -7.17E-03  9.86E-01  5.83E-01  2.60E+00  8.26E+01  1.92E+17
 2000.0 -7.17E-03  1.00E+00  1.00E+00  2.60E+00  1.13E+02  2.83E+17
 2001.0 -7.17E-03  1.00E+00  7.70E-01  2.60E+00  1.09E+02  2.97E+17
 2002.0 -7.17E-03  1.00E+00  1.00E+00  2.60E+00  1.14E+02  3.24E+17
 2003.0 -7.17E-03  1.00E+00  5.92E-01  2.60E+00  8.08E+01  2.24E+17
 2004.0 -7.17E-03  1.00E+00  5.87E-01  2.60E+00  5.20E+01  1.31E+17
 2005.0 -7.17E-03  1.00E+00  5.83E-01  2.60E+00  3.46E+01  1.01E+17
